Stock: 1301
MSE: 2.281891
MAE: 1.100530
R2: 0.988744
Accuracy: 0.526055
F1: 0.452722
