MSE: 4.966978549957275
MAE: 1.1893068552017212
RMSE: 2.2286719251512266
MAPE: 2.511293649673462
R2: 0.9754999876022339
Accuracy: 0.6550868486352357
F1: 0.6498740554156172
