Stock: 1734
MSE: 0.143030
MAE: 0.301365
R2: 0.947433
Accuracy: 0.632754
F1: 0.543210
