MSE: 0.051639001816511154
MAE: 0.17597171664237976
RMSE: 0.22724216557785035
MAPE: 0.6172159910202026
R2: 0.9810215830802917
Accuracy: 0.7593052109181141
F1: 0.787746170678337
