MSE: 10774.3681640625
MAE: 78.34748077392578
RMSE: 103.79965396889577
MAPE: 8.956273078918457
R2: 0.7282521724700928
Accuracy: 0.49627791563275436
F1: 0.00975609756097561
