Stock: 2330
MSE: 7309.169922
MAE: 62.733669
R2: 0.815650
Accuracy: 0.513648
F1: 0.294964
