MSE: 9.235860824584961
MAE: 1.9629809856414795
RMSE: 3.0390559100788126
MAPE: 3.376030921936035
R2: 0.8988919258117676
Accuracy: 0.5682382133995038
F1: 0.304
