Stock: 2882
MSE: 3.643829
MAE: 1.429154
R2: 0.960110
Accuracy: 0.498759
F1: 0.451087
