Stock: 3008
MSE: 2854.832520
MAE: 42.111080
R2: 0.962059
Accuracy: 0.637717
F1: 0.688034
