MSE: 2008.5274658203125
MAE: 33.040260314941406
RMSE: 44.8165981062855
MAPE: 1.4191871881484985
R2: 0.9733068346977234
Accuracy: 0.6873449131513648
F1: 0.6272189349112426
